+--------------------------------------------------------------------------------------------------------------------------------------------------------------------------------------------------------------------------------------------------------------------------+
; Legal Partition Candidates                                                                                                                                                                                                                                               ;
+---------------------------------------------------------------------+-------+----------------+--------------+----------------+--------+-----------------+---------------+-----------------+-------+----------------+--------------+------------------+-------------------+
; Hierarchy                                                           ; Input ; Constant Input ; Unused Input ; Floating Input ; Output ; Constant Output ; Unused Output ; Floating Output ; Bidir ; Constant Bidir ; Unused Bidir ; Input only Bidir ; Output only Bidir ;
+---------------------------------------------------------------------+-------+----------------+--------------+----------------+--------+-----------------+---------------+-----------------+-------+----------------+--------------+------------------+-------------------+
; Inst_Adress_Generator                                               ; 3     ; 0              ; 0            ; 0              ; 0      ; 0               ; 0             ; 0               ; 17    ; 0              ; 0            ; 0                ; 0                 ;
; Inst_RGB                                                            ; 13    ; 0              ; 0            ; 0              ; 24     ; 0               ; 0             ; 0               ; 0     ; 0              ; 0            ; 0                ; 0                 ;
; Inst_ov7670_capture                                                 ; 11    ; 2              ; 0            ; 2              ; 32     ; 2               ; 2             ; 2               ; 0     ; 0              ; 0            ; 0                ; 0                 ;
; Inst_frame_buffer|altsyncram_component|auto_generated|mux3          ; 196   ; 0              ; 0            ; 0              ; 12     ; 0               ; 0             ; 0               ; 0     ; 0              ; 0            ; 0                ; 0                 ;
; Inst_frame_buffer|altsyncram_component|auto_generated|wren_decode_a ; 5     ; 0              ; 0            ; 0              ; 16     ; 0               ; 0             ; 0               ; 0     ; 0              ; 0            ; 0                ; 0                 ;
; Inst_frame_buffer|altsyncram_component|auto_generated|rden_decode_b ; 4     ; 0              ; 0            ; 0              ; 16     ; 0               ; 0             ; 0               ; 0     ; 0              ; 0            ; 0                ; 0                 ;
; Inst_frame_buffer|altsyncram_component|auto_generated|decode2       ; 5     ; 0              ; 0            ; 0              ; 16     ; 0               ; 0             ; 0               ; 0     ; 0              ; 0            ; 0                ; 0                 ;
; Inst_frame_buffer|altsyncram_component|auto_generated               ; 49    ; 0              ; 0            ; 0              ; 12     ; 0               ; 0             ; 0               ; 0     ; 0              ; 0            ; 0                ; 0                 ;
; Inst_frame_buffer                                                   ; 49    ; 0              ; 0            ; 0              ; 12     ; 0               ; 0             ; 0               ; 0     ; 0              ; 0            ; 0                ; 0                 ;
; Inst_ov7670_controller|Inst_i3c2                                    ; 26    ; 45             ; 0            ; 45             ; 42     ; 45              ; 45            ; 45              ; 1     ; 0              ; 0            ; 0                ; 0                 ;
; Inst_ov7670_controller                                              ; 2     ; 2              ; 0            ; 2              ; 5      ; 2               ; 2             ; 2               ; 1     ; 0              ; 0            ; 0                ; 0                 ;
; Inst_debounce                                                       ; 2     ; 0              ; 0            ; 0              ; 1      ; 0               ; 0             ; 0               ; 0     ; 0              ; 0            ; 0                ; 0                 ;
; Inst_VGA                                                            ; 1     ; 1              ; 0            ; 1              ; 6      ; 1               ; 1             ; 1               ; 0     ; 0              ; 0            ; 0                ; 0                 ;
; Inst_vga_pll|altpll_component|auto_generated                        ; 2     ; 0              ; 0            ; 0              ; 5      ; 0               ; 0             ; 0               ; 0     ; 0              ; 0            ; 0                ; 0                 ;
; Inst_vga_pll                                                        ; 1     ; 0              ; 0            ; 0              ; 2      ; 0               ; 0             ; 0               ; 0     ; 0              ; 0            ; 0                ; 0                 ;
+---------------------------------------------------------------------+-------+----------------+--------------+----------------+--------+-----------------+---------------+-----------------+-------+----------------+--------------+------------------+-------------------+
